0 0.448854 0.321094 0.097002 0.085938
0 0.852734 0.321094 0.097002 0.085938
0 0.146384 0.321094 0.097002 0.085938
0 0.146384 0.678125 0.097002 0.085938
0 0.549383 0.678125 0.097002 0.085938
0 0.852734 0.678125 0.097002 0.085938
0 0.146384 0.589063 0.087302 0.077344
0 0.549383 0.589063 0.097002 0.085938
0 0.246914 0.589063 0.097002 0.085938
0 0.045855 0.678125 0.097002 0.085938
0 0.246914 0.678125 0.097002 0.085938
0 0.246914 0.945312 0.097002 0.085938
0 0.852734 0.589063 0.097002 0.085938
0 0.146384 0.232031 0.097002 0.085938
0 0.752205 0.321094 0.097002 0.085938
0 0.953263 0.678125 0.097002 0.085938
0 0.448854 0.232031 0.097002 0.085938
0 0.953263 0.589063 0.097002 0.085938
0 0.549383 0.232031 0.097002 0.085938
0 0.549383 0.321094 0.097002 0.085938
0 0.045855 0.321094 0.097002 0.085938
0 0.448854 0.589063 0.097002 0.085938
0 0.953263 0.232031 0.097002 0.085938
0 0.953263 0.321094 0.097002 0.085938
0 0.652557 0.857031 0.087302 0.077344
0 0.045855 0.589063 0.087302 0.077344
0 0.549383 0.500000 0.097002 0.085938
0 0.649912 0.678125 0.097002 0.085938
0 0.852734 0.500000 0.097002 0.085938
0 0.146384 0.857031 0.097002 0.085938
0 0.247795 0.767188 0.097002 0.085938
0 0.146384 0.500000 0.097002 0.085938
0 0.752205 0.678125 0.097002 0.085938
0 0.448854 0.500000 0.097002 0.085938
0 0.246914 0.321094 0.097002 0.085938
0 0.448854 0.410156 0.097002 0.085938
0 0.852734 0.232031 0.097002 0.085938
0 0.953263 0.500000 0.097002 0.085938
0 0.752205 0.232031 0.097002 0.085938
0 0.350088 0.857031 0.097002 0.085938
0 0.852734 0.410156 0.097002 0.085938
0 0.347443 0.321094 0.097002 0.085938
0 0.045855 0.232031 0.097002 0.085938
0 0.549383 0.410156 0.097002 0.085938
0 0.953263 0.410156 0.097002 0.085938
0 0.045855 0.500000 0.097002 0.085938
0 0.649912 0.500000 0.095062 0.084219
0 0.753086 0.857031 0.087302 0.077344
0 0.853616 0.857031 0.097002 0.085938
0 0.045855 0.142969 0.095062 0.084219
0 0.649912 0.410156 0.095062 0.084219
0 0.450617 0.767188 0.095062 0.084219
0 0.651675 0.321094 0.095062 0.084219
0 0.348325 0.589063 0.095062 0.084219
0 0.552028 0.857031 0.097002 0.085938
0 0.145503 0.945312 0.085362 0.075625
0 0.450617 0.857031 0.085362 0.075625
0 0.246914 0.499219 0.085362 0.075625
0 0.953263 0.857031 0.097002 0.085938
0 0.348325 0.500000 0.095062 0.084219
0 0.347443 0.678125 0.097002 0.085938
0 0.146384 0.410156 0.097002 0.085938
0 0.853616 0.767188 0.097002 0.085938
0 0.753086 0.767188 0.087302 0.077344
0 0.146384 0.142969 0.097002 0.085938
0 0.045855 0.410156 0.095062 0.084219
0 0.549383 0.142969 0.085362 0.075625
0 0.752205 0.500000 0.085362 0.075625
0 0.247795 0.410156 0.085362 0.075625
0 0.448854 0.142187 0.095062 0.084219
0 0.852734 0.142969 0.085362 0.075625
0 0.045855 0.767188 0.097002 0.085938
0 0.653439 0.767188 0.085362 0.075625
0 0.246914 0.232031 0.095062 0.084219
0 0.649912 0.232031 0.085362 0.075625
0 0.348325 0.232031 0.087302 0.077344
0 0.752205 0.589063 0.087302 0.077344
0 0.348325 0.142187 0.085362 0.075625
0 0.752205 0.410156 0.085362 0.075625
0 0.045855 0.857031 0.097002 0.085938
0 0.348325 0.410156 0.095062 0.084219
0 0.249559 0.857031 0.095062 0.084219
0 0.246914 0.142187 0.085362 0.075625
0 0.752205 0.142969 0.085362 0.075625
0 0.649912 0.142187 0.085362 0.075625
0 0.953263 0.767188 0.085362 0.075625
0 0.348325 0.767188 0.085362 0.075625
0 0.649912 0.589063 0.085362 0.075625
0 0.147266 0.767188 0.085362 0.075625
0 0.448854 0.678125 0.085362 0.075625
0 0.953263 0.142187 0.085362 0.075625
0 0.551146 0.767188 0.085362 0.075625
0 0.045855 0.946094 0.085362 0.075625
0 0.619929 0.369531 0.108642 0.096250
0 0.080247 0.186719 0.100882 0.089375
0 0.884480 0.721094 0.098942 0.087656
0 0.507055 0.054688 0.091182 0.080781
0 0.337743 0.053906 0.083422 0.073906
